298   73
255   134
273   73
288   71
278   94
293   95
288   71
287   86
282   92
299   113
299   113
299   113
277   103
0   0
300   105
283   100
300   105
266   92
290   102
275   96
300   105
173   63
300   105
300   105
151   59
245   84
175   65
295   105
167   61
133   51
151   57
0   0
0   0
0   0
0   0
0   0
0   0
1   1
0   0
1   1
1   1
1   1
0   0
1   1
1   1
1   1
0   0
1   1
0   0
0   0
1   1
1   0
1   0
1   1
1   1
1   1
0   0
1   1
1   1
1   1
1   1
1   1
1   1
1   1
1   1
1   1
1   1
1   1
1   1
1   1
1   1
1   1
